100 100
200
17 29
68 2
26 83
63 62
46 27
66 92
35 48
75 16
83 96
91 38
22 79
34 68
27 65
83 15
29 48
63 2
34 50
48 3
94 42
11 76
36 86
23 99
83 87
9 42
59 37
43 7
95 47
67 70
68 21
41 3
90 57
30 0
7 13
4 25
94 77
25 33
82 99
69 79
49 13
4 69
43 87
99 84
14 90
33 98
54 90
8 43
33 81
77 99
11 80
78 55
47 59
64 18
75 55
99 69
41 9
44 55
19 70
11 77
81 46
69 10
38 14
92 90
29 27
88 19
41 36
3 74
40 47
33 48
48 4
60 14
98 98
61 72
91 34
67 46
0 83
7 90
42 8
77 71
9 32
41 41
0 16
17 18
3 15
46 62
90 75
38 47
5 67
12 32
52 9
61 62
63 53
2 93
54 3
16 68
90 48
0 25
33 45
3 35
82 51
80 33
52 28
85 48
24 28
53 36
0 84
22 5
44 4
79 88
43 35
81 82
86 47
90 70
16 80
23 19
38 12
44 77
24 43
30 28
10 59
15 41
94 7
1 81
28 46
70 76
41 20
46 66
74 60
94 71
99 30
99 42
25 43
19 10
8 61
6 78
85 64
62 59
89 71
97 67
63 16
50 97
67 88
19 7
8 26
59 54
44 59
97 94
32 45
13 73
94 79
4 68
82 14
91 75
14 43
68 48
63 99
75 65
6 68
93 36
61 55
0 30
76 12
73 49
80 1
49 61
35 60
34 21
30 26
7 48
10 65
93 31
24 88
16 26
41 36
91 20
5 59
87 92
40 75
17 36
12 51
40 79
44 2
23 35
66 52
71 35
97 49
27 53
2 76
20 69
70 57
63 57
24 70
43 24
72 40
51 57
96 6
25 84
1 92
86 96
29 51
17 18
66 15
24 72
84 35
32 80
52 41
0 14
34 54
94 75
42 7
73 2
8 57
90 93
20 78
80 18
22 21
57 72
7 82
76 62
70 25
41 91
98 24
5 19
22 5
28 34
9 35
10 72
28 44
24 90
89 73
33 93
23 78
73 24
92 93
73 15
48 90
65 65
84 84
70 58
11 4
76 56
86 80
6 59
65 52
49 27
48 69
85 35
39 56
74 32
44 30
7 83
88 91
79 2
10 24
8 3
40 30
31 20
98 73
44 58
86 57
28 16
2 5
16 45
88 10
48 24
33 70
89 71
27 82
54 7
25 3
20 59
3 6
56 55
54 39
19 35
11 3
53 17
3 73
36 47
42 17
22 6
23 3
22 66
28 78
96 21
27 16
6 48
10 89
78 26
3 74
79 9
67 78
59 25
43 77
38 24
42 25
55 91
28 39
86 87
53 4
81 6
59 11
79 2
60 88
75 71
78 93
99 42
85 89
5 88
65 93
46 37
20 64
7 64
49 56
42 25
39 94
56 4
24 68
68 10
55 28
78 78
88 35
59 30
88 30
92 73
53 3
38 18
96 19
28 9
22 20
1 34
89 18
99 45
28 10
66 16
84 57
94 51
9 26
26 99
72 6
49 86
69 20
96 19
92 34
87 91
16 59
77 63
23 15
33 74
98 11
83 10
34 43
83 44
73 30
86 38
86 4
38 68
38 90
66 66
70 61
14 40
43 7
21 54
95 14
77 10
57 7
16 79
55 70
80 87
73 13
44 37
14 7
43 17
1 3
83 94
20 96
63 32
4 30
17 81
30 18
19 54
38 33
36 33
24 4
28 91
47 86
14 53
4 97
37 89
18 97
72 82
4 30
93 32
98 78
41 82
30 5
64 84
62 54
68 52
82 91
38 96
17 42
67 38
21 64
55 24
51 69
88 40
55 10
50 87
6 52
47 28
15 61
79 55
77 53
12 30
16 23
93 50
93 1
54 45
6 95
72 95
54 20
84 92
96 41
90 72
17 39
84 3
4 55
34 32
91 45
93 49
77 40
95 80
66 39
14 70
52 15
83 94
51 23
12 51
41 24
93 29
41 99
18 68
87 32
85 58
98 79
42 76
32 67
44 6
8 48
89 30
92 19
4 20
34 53
49 61
42 21
85 12
50 94
3 59
57 42
76 66
77 39
37 80
98 33
43 73
86 33
90 77
92 50
72 59
71 82
68 40
41 79
80 92
88 88
93 83
38 69
62 63
12 56
67 60
32 30
61 86
56 60
90 23
95 61
65 95
23 47
13 79
89 22
27 2
14 61
24 21
41 84
63 65
0 40
10 25
71 87
79 63
73 75
36 64
8 50
65 25
39 9
84 13
90 23
14 63
87 26
11 22
24 25
1 67
83 73
89 54
15 90
72 45
52 0
77 56
41 63
18 8
57 83
63 23
62 53
22 81
95 19
72 99
15 44
84 36
62 90
50 38
5 89
36 54
22 33
77 18
30 42
23 39
19 33
61 73
4 78
22 23
42 98
82 39
40 95
43 95
1 4
41 68
43 12
19 91
22 23
59 17
7 33
25 74
0 74
4 82
30 65
49 37
89 18
70 85
14 14
45 6
7 78
29 95
11 68
65 10
17 60
4 14
87 18
99 33
62 73
12 79
95 41
9 61
71 29
64 60
87 14
36 11
57 0
78 64
89 26
53 76
20 16
31 89
49 60
28 54
26 99
69 69
38 96
84 43
13 48
65 15
99 86
5 33
59 88
92 82
1 47
72 74
70 92
47 44
39 79
26 11
75 76
29 10
20 97
39 63
26 92
10 91
51 71
66 96
48 60
97 3
26 90
96 31
90 1
14 15
23 3
33 38
97 27
37 9
18 93
59 34
47 61
84 78
68 77
68 94
16 61
77 3
14 81
38 75
48 33
28 10
70 66
62 52
96 80
74 4
69 49
52 1
40 1
9 94
49 22
87 33
17 70
22 93
35 38
67 31
20 18
84 4
90 36
20 85
5 58
82 33
6 96
32 27
81 88
72 13
20 34
30 92
50 64
93 23
30 89
63 96
79 21
86 69
7 38
57 41
99 29
0 3
54 33
71 31
63 58
60 62
51 27
49 25
98 1
90 31
29 48
94 27
21 97
80 90
44 9
77 1
76 93
76 33
71 6
15 8
17 36
89 77
20 85
79 33
96 61
28 52
75 11
19 98
29 99
73 46
34 42
48 90
15 10
9 10
57 56
45 12
42 47
2 7
22 72
42 33
30 44
79 41
3 40
77 7
18 33
14 12
68 72
45 68
54 44
9 60
87 82
60 90
83 7
46 36
92 11
14 46
91 11
68 56
12 75
75 85
98 36
49 23
89 95
52 13
46 11
93 8
94 4
41 71
41 86
41 1
49 7
8 40
14 36
81 68
92 55
19 42
78 47
61 88
54 84
78 60
35 26
22 52
15 20
42 18
28 58
87 88
76 66
84 46
97 30
95 77
74 69
7 96
22 50
68 96
68 46
38 60
48 9
66 39
34 85
20 62
62 87
91 39
99 75
87 15
50 65
56 92
3 32
91 19
53 14
15 98
5 55
26 39
66 35
96 40
60 62
5 99
62 73
71 85
4 93
83 3
25 32
63 47
79 23
61 32
56 70
38 27
46 33
54 60
83 25
27 12
43 32
55 0
74 93
12 43
88 66
84 79
97 10
58 24
89 93
85 0
64 1
28 31
85 80
59 56
60 36
19 93
73 3
96 14
74 63
71 35
62 27
31 9
93 94
45 56
51 30
67 50
84 8
14 0
74 79
22 47
27 42
38 26
79 92
51 84
94 2
85 29
99 71
66 23
33 67
81 17
81 13
58 6
4 86
58 55
80 55
35 1
92 24
64 66
58 92
6 74
41 70
9 53
25 63
25 30
65 93
30 12
66 0
69 60
11 71
68 7
7 83
66 95
6 47
25 77
47 35
9 41
92 78
17 10
36 27
8 1
27 9
2 69
60 20
21 68
52 53
68 17
35 72
96 85
81 34
8 10
50 11
33 80
80 82
9 5
10 42
88 39
57 44
70 73
55 40
89 55
66 27
68 35
16 90
6 72
75 32
59 90
10 75
73 57
79 69
44 43
30 46
23 50
37 12
49 4
85 66
3 46
39 55
62 60
43 93
18 51
51 40
50 36
67 36
1 77
68 70
8 99
44 7
84 21
72 7
73 12
59 8
73 60
15 6
25 38
76 28
23 60
2 35
54 5
78 51
8 61
22 88
25 75
59 7
22 68
83 84
57 63
86 17
96 92
81 32
31 98
90 14
1 77
36 14
16 95
56 38
54 6
85 89
34 67
78 39
39 64
79 87
48 62
73 30
82 54
3 85
18 23
74 33
35 59
92 43
19 55
39 45
3 73
23 89
63 11
89 5
95 59
88 78
54 71
82 39
4 90
51 24
75 63
7 37
54 81
93 30
21 42
24 62
55 71
36 71
14 96
78 49
87 26
83 41
25 48
7 62
38 28
79 67
54 33
84 58
14 23
23 42
5 74
80 90
83 67
43 32
49 85
52 21
14 89
41 95
52 12
57 55
59 21
4 89
55 98
58 71
32 55
42 34
18 94
75 22
23 49
