150 150
200
0 9
114 37
67 11
71 21
43 140
1 93
100 149
42 75
69 45
114 24
52 120
35 21
129 136
130 22
11 26
62 88
107 77
142 0
142 63
29 120
2 9
121 1
33 76
56 142
100 47
41 42
48 22
90 7
12 14
42 129
123 132
70 97
77 7
17 143
94 143
77 19
115 88
9 40
63 29
68 0
48 64
91 5
92 56
118 67
115 13
7 100
120 21
126 19
5 43
119 17
145 148
124 114
140 12
104 70
44 12
80 45
13 69
104 123
27 81
122 55
3 21
29 7
93 126
82 116
78 143
11 73
17 120
59 138
110 45
35 127
149 60
27 107
97 95
85 92
148 103
84 22
114 121
86 90
80 116
32 72
107 148
101 8
54 102
20 131
112 116
146 104
110 147
48 19
17 47
113 56
52 84
53 53
46 48
46 103
59 26
63 64
128 16
135 66
14 38
62 29
93 147
113 56
20 26
144 45
116 138
122 79
55 83
96 31
58 137
118 125
127 133
69 27
38 16
114 70
63 17
91 26
29 58
101 54
43 107
10 26
127 57
21 70
64 65
135 59
63 29
127 21
139 138
136 34
110 101
73 112
27 13
23 1
71 107
26 136
109 10
62 76
123 7
82 5
7 109
126 24
2 104
30 69
101 112
33 77
22 100
47 118
90 79
31 52
97 86
29 28
51 2
95 7
12 67
12 51
38 87
128 69
3 23
138 111
61 43
85 35
102 97
144 85
44 83
138 127
95 56
33 61
69 72
80 111
52 76
44 147
59 123
89 73
130 124
87 56
108 98
124 74
101 65
8 148
95 75
83 91
91 88
81 16
43 136
13 117
97 142
67 47
49 2
125 40
56 121
109 34
142 128
58 12
133 112
118 110
52 124
101 116
81 118
96 73
93 78
35 59
76 130
38 127
116 140
23 56
54 119
36 46
3 40
112 116
30 81
9 69
129 122
109 39
148 91
146 6
48 40
133 21
105 122
113 94
91 97
54 143
51 12
74 67
73 112
47 28
56 56
133 51
129 38
117 104
73 71
135 125
129 132
104 56
26 110
47 115
39 19
32 36
44 43
131 47
119 93
51 75
45 116
48 9
21 127
85 63
128 140
60 131
0 115
31 116
35 41
79 92
26 20
108 108
143 74
6 100
87 122
16 63
91 114
94 131
114 37
51 5
78 17
78 15
58 127
71 5
9 51
34 7
61 75
8 105
39 147
15 13
95 90
51 57
60 57
14 73
147 74
139 19
12 125
135 26
55 87
17 121
107 6
67 120
53 7
88 148
42 67
123 38
36 130
29 1
93 100
112 123
123 59
108 62
31 24
121 66
129 112
128 32
81 28
21 142
108 145
63 76
42 62
88 142
96 71
130 124
112 124
113 7
138 61
108 123
39 109
122 30
19 141
113 56
138 138
82 2
66 78
104 74
116 54
33 110
49 12
15 37
28 20
89 7
87 85
18 137
129 86
130 0
15 101
131 82
96 25
122 84
139 135
95 25
93 114
138 128
17 11
43 62
43 90
102 25
105 52
69 142
119 1
134 68
134 18
0 2
127 104
51 1
140 91
55 65
139 57
2 115
16 33
145 120
136 39
15 106
61 55
86 66
18 99
127 130
46 47
23 12
131 113
30 100
50 37
104 25
69 92
132 50
40 131
111 118
120 51
100 93
87 89
56 24
121 17
91 21
114 23
16 117
78 107
87 61
79 24
31 83
65 30
73 137
76 17
94 40
123 102
113 130
28 51
141 60
79 81
112 21
136 51
102 49
146 119
14 86
49 134
134 75
55 5
95 38
100 118
18 77
110 62
59 146
11 81
2 114
119 77
7 58
87 69
47 146
127 42
88 145
123 59
134 103
106 81
127 119
7 106
70 88
21 76
66 11
25 119
141 113
11 30
85 14
33 130
34 56
79 133
87 42
73 143
85 80
77 137
56 36
81 71
22 52
12 9
35 128
125 2
119 120
139 149
67 7
24 37
96 119
146 24
77 145
33 24
148 40
67 122
136 115
39 136
51 78
72 5
39 53
18 50
2 52
137 14
81 124
120 40
105 104
60 146
136 125
10 33
78 52
78 145
42 104
9 85
44 139
72 115
37 117
142 129
107 62
115 47
54 117
25 67
57 130
75 51
59 94
25 127
72 54
54 4
91 60
27 15
42 46
22 135
102 28
28 38
82 129
90 86
99 136
8 80
28 149
37 77
68 145
34 9
26 120
87 79
111 88
9 120
114 117
29 35
58 63
110 63
77 95
30 105
27 7
32 65
48 2
94 29
97 59
12 69
117 7
117 78
38 142
139 86
87 100
31 40
5 50
80 128
32 140
76 3
69 130
52 113
105 88
149 89
8 44
138 78
46 117
127 58
1 146
144 135
119 44
1 92
145 69
144 22
147 128
80 120
149 24
9 51
43 114
42 71
86 21
64 41
96 88
143 120
144 38
86 15
131 2
124 117
35 0
1 57
29 19
113 142
4 49
91 40
8 102
107 101
98 48
34 126
97 64
2 16
145 123
111 0
132 11
43 70
148 55
42 25
128 35
141 35
137 141
130 92
25 142
83 131
129 112
116 86
27 64
63 116
19 125
133 131
135 13
147 4
38 130
78 90
142 7
8 19
108 26
50 69
97 50
102 143
136 75
125 68
142 4
9 142
143 25
97 5
113 55
89 135
11 118
80 75
19 33
11 41
64 92
142 63
29 13
28 40
39 88
86 58
109 113
82 145
0 108
25 13
141 138
28 49
4 36
69 70
107 62
44 35
120 47
63 9
35 110
110 62
15 32
98 148
32 90
73 125
86 7
104 84
2 126
58 15
88 137
68 39
51 129
25 119
88 30
80 147
109 26
13 15
71 60
145 39
19 73
14 102
106 100
47 141
41 108
22 10
52 13
71 15
66 118
8 117
12 70
116 8
117 132
118 65
76 141
141 11
43 68
11 119
33 111
136 115
41 30
55 1
106 74
28 123
103 142
27 57
40 98
123 22
39 132
17 33
41 72
140 35
127 104
103 104
121 35
54 105
40 47
149 71
125 138
49 98
139 10
134 51
68 30
94 57
87 19
10 4
80 40
12 8
103 145
86 96
9 147
37 66
11 52
102 89
65 61
109 107
33 80
20 19
106 93
145 8
143 146
107 124
65 102
34 80
93 109
92 103
139 104
10 143
27 3
59 81
5 43
116 54
76 32
19 66
35 3
37 39
109 12
27 29
39 74
12 127
145 135
134 12
140 117
120 65
59 102
122 34
15 91
39 24
83 95
41 102
79 76
116 122
29 144
26 36
99 149
147 53
65 149
86 26
8 45
141 143
129 5
7 98
92 24
48 116
61 85
141 84
90 129
72 56
35 134
74 36
113 84
23 7
107 16
126 53
96 67
42 47
79 111
56 137
83 52
14 42
29 53
25 6
144 37
128 84
85 108
57 6
33 8
34 127
61 92
8 25
109 48
116 104
31 113
68 13
76 138
121 103
9 65
120 135
97 39
85 115
18 21
5 37
64 75
116 133
107 10
17 49
97 53
134 140
83 76
18 111
71 12
85 97
90 67
123 0
141 148
3 67
60 67
57 112
26 68
71 43
36 64
76 15
111 22
41 2
51 45
85 93
15 50
111 43
9 104
20 67
81 56
22 45
101 82
4 19
141 98
48 93
87 141
9 146
131 35
52 129
42 108
31 22
129 71
70 61
130 109
126 140
46 28
85 133
8 142
9 133
47 129
20 23
88 11
56 66
59 28
22 66
127 7
58 118
22 106
91 76
91 54
47 86
123 126
121 76
75 2
64 66
98 70
22 67
86 25
148 34
15 136
40 121
60 29
90 106
18 49
103 94
11 70
27 37
82 78
32 71
147 63
63 132
94 23
100 139
3 37
3 137
0 41
89 77
53 14
120 61
68 77
29 80
38 34
130 117
97 86
96 143
122 120
6 24
51 149
81 37
98 26
92 87
110 22
85 143
46 111
36 35
53 92
74 20
103 132
45 34
85 7
133 123
73 27
68 86
50 144
139 60
0 147
113 92
39 2
110 101
126 132
135 124
121 12
40 27
39 42
141 136
33 128
48 40
130 127
137 47
87 99
130 138
55 67
36 148
59 81
49 80
51 52
97 2
20 95
39 120
63 53
63 118
112 2
78 15
97 83
1 129
51 94
127 35
30 86
34 66
104 48
139 1
48 143
47 87
71 34
79 96
69 140
118 116
62 8
14 84
140 43
146 15
30 118
27 51
50 108
84 106
8 89
84 34
68 148
71 35
34 100
59 95
10 74
2 41
1 108
16 22
113 117
139 95
56 64
3 64
75 144
117 106
41 0
78 101
36 76
59 16
67 123
49 28
53 148
77 112
118 17
85 101
55 87
87 96
53 145
58 52
55 35
32 128
41 21
43 125
118 22
112 95
43 64
74 35
77 43
133 41
47 115
2 69
28 136
141 5
85 6
131 68
104 114
66 134
12 0
101 38
88 70
146 74
74 93
40 133
134 59
2 110
148 67
95 59
34 22
