100 100
200
45 41
5 86
64 86
29 79
8 92
87 81
77 37
49 82
59 0
8 53
7 8
75 47
51 95
93 58
86 68
12 6
91 26
99 73
69 18
78 87
61 46
74 34
67 86
92 18
22 96
49 49
70 39
35 8
73 33
41 77
38 82
47 47
31 93
21 43
65 25
24 13
0 21
63 69
34 33
31 6
91 15
54 38
20 80
37 10
64 52
34 62
9 17
51 26
67 61
55 98
63 96
39 55
36 33
32 30
34 79
36 33
20 11
0 10
18 69
1 15
95 4
76 72
80 38
55 87
71 82
40 47
37 37
87 60
35 97
8 59
54 31
43 76
13 46
95 62
34 54
19 98
97 83
15 40
69 17
73 18
61 66
1 68
73 56
43 79
19 52
65 95
66 60
68 67
54 87
4 44
62 90
53 73
79 54
33 77
65 5
72 10
14 31
93 63
55 66
3 90
53 19
14 45
19 94
15 79
96 5
57 43
53 56
21 10
33 80
29 25
59 29
1 62
81 40
2 39
21 84
14 88
10 77
15 9
83 28
84 47
67 57
60 14
77 98
5 28
28 17
47 31
79 27
98 11
70 27
51 27
80 91
84 20
96 92
35 19
50 23
33 72
20 17
63 82
11 81
89 29
23 55
94 6
61 1
4 87
37 70
8 64
90 94
87 69
66 77
43 87
60 47
67 40
26 88
16 86
0 70
66 21
47 69
2 98
92 13
69 63
78 34
21 14
89 45
82 24
27 87
51 64
39 27
15 89
35 2
72 46
43 16
25 5
5 47
33 12
30 79
34 81
15 5
1 24
46 96
87 68
51 14
25 69
71 92
53 63
47 96
21 13
66 62
85 9
53 35
28 13
43 21
68 56
52 45
33 92
21 30
71 12
71 54
3 50
75 47
81 55
11 46
59 82
30 24
88 75
54 28
44 52
86 12
34 5
48 7
55 50
15 24
92 42
57 28
18 89
40 46
94 26
79 48
21 68
90 67
38 61
95 56
98 72
9 11
22 61
37 91
29 95
41 99
33 48
22 0
83 60
71 84
99 8
91 98
33 53
38 36
63 47
43 15
96 62
35 93
71 6
17 51
35 37
14 44
10 61
99 55
9 21
57 13
66 43
60 61
53 83
37 77
98 48
83 46
70 14
62 23
43 62
29 35
32 32
41 19
16 62
89 72
63 23
49 80
17 14
80 83
10 4
19 80
75 95
84 20
20 13
48 31
41 23
92 55
90 29
76 90
80 9
31 13
26 53
47 85
68 84
45 56
98 81
83 90
1 86
87 5
37 32
59 91
0 14
69 42
47 47
95 28
53 21
91 55
75 97
2 59
90 95
94 38
85 66
20 17
41 60
80 78
33 44
43 5
86 80
71 8
46 64
34 78
96 62
33 89
75 86
61 77
11 30
25 41
93 11
14 88
12 57
63 84
70 54
98 65
52 97
75 38
64 32
80 23
60 39
47 59
63 14
62 33
54 99
95 93
88 47
62 97
9 65
6 1
21 11
91 22
42 45
27 54
5 62
58 17
87 72
7 29
16 70
24 43
23 86
74 3
34 29
7 91
63 46
64 20
97 68
94 49
23 21
14 92
84 22
96 95
69 93
39 28
99 14
66 82
17 86
25 72
80 40
75 87
27 15
20 19
5 15
98 61
3 75
39 66
21 31
63 76
19 69
37 2
84 5
2 37
39 22
47 41
84 87
21 80
17 2
94 58
97 81
56 5
76 76
24 74
19 5
40 49
37 68
33 53
43 21
32 36
60 15
81 6
12 44
36 51
51 74
13 54
8 3
31 29
36 12
19 67
75 98
82 39
8 72
48 38
78 64
79 5
48 61
77 11
74 8
96 28
71 19
24 22
37 5
18 96
63 37
95 38
29 62
68 34
80 48
90 45
10 33
29 55
63 92
29 46
46 56
92 7
82 29
16 84
17 98
72 68
45 29
46 78
93 49
61 34
84 60
35 54
0 10
4 97
86 5
71 4
54 82
64 62
39 16
15 94
62 52
97 0
12 10
63 63
18 58
37 65
29 28
97 64
1 19
31 86
96 88
53 35
24 17
35 51
34 56
31 28
79 16
68 83
50 72
97 54
90 71
56 92
26 6
62 36
59 92
95 97
80 3
92 84
33 56
7 39
78 71
58 60
22 18
94 94
84 78
77 74
79 89
71 9
68 76
95 1
53 40
73 58
24 34
66 91
59 11
94 61
58 65
91 21
66 76
39 1
15 76
59 88
41 39
32 18
98 8
74 51
68 75
70 88
27 84
71 43
48 32
28 84
2 19
56 80
16 6
35 82
60 38
55 82
28 51
82 69
72 36
85 22
90 83
27 18
78 43
90 10
42 16
23 11
92 57
49 49
31 34
69 32
4 16
66 27
53 93
44 68
20 93
54 42
51 57
73 10
25 1
47 48
99 79
86 78
98 42
53 41
81 33
81 4
98 15
77 6
63 78
57 77
1 7
77 53
91 73
82 89
97 60
21 75
76 73
60 6
31 69
22 41
54 48
0 74
75 61
18 93
58 46
57 47
60 61
83 8
83 40
5 78
44 12
47 51
70 49
78 81
44 15
80 67
39 33
39 31
82 16
46 52
65 77
58 10
66 6
12 63
60 81
16 30
96 71
61 53
24 58
7 65
70 89
14 93
41 44
34 87
37 35
41 44
18 3
94 11
56 77
23 69
63 0
6 23
70 70
32 29
71 2
98 18
66 55
35 41
20 72
7 98
44 34
55 26
6 97
19 83
85 81
80 1
90 26
78 12
67 36
63 27
37 96
96 5
32 33
75 25
26 42
83 34
19 87
74 35
88 27
46 79
6 35
38 95
88 45
71 58
90 8
22 49
80 24
71 75
14 83
40 33
5 52
54 9
49 17
26 93
60 42
51 41
15 29
67 13
32 90
62 46
22 10
40 99
60 14
46 1
82 38
98 96
25 65
13 92
87 54
55 98
30 39
50 56
99 22
56 6
95 60
0 93
12 45
46 28
97 63
24 9
42 32
97 19
66 43
87 20
79 84
20 86
53 15
22 48
85 74
39 4
16 8
72 93
19 29
86 84
11 71
56 3
59 49
57 1
3 40
78 58
54 95
88 71
91 0
70 67
81 78
33 45
96 52
22 51
64 82
44 8
75 35
59 68
79 49
88 27
35 43
68 62
43 21
54 37
79 43
71 60
72 2
26 94
47 92
19 33
46 70
80 32
94 98
82 59
76 51
28 5
55 81
31 61
57 24
73 69
33 71
76 92
37 28
54 90
53 75
72 40
24 4
42 69
1 14
44 92
12 33
83 12
82 97
53 56
91 90
3 29
94 40
89 91
85 50
85 96
2 19
17 35
55 43
54 26
79 9
29 16
36 39
49 63
53 33
6 10
52 16
54 93
51 68
60 66
49 99
99 64
68 14
49 13
60 15
79 96
64 71
17 91
58 56
58 40
12 46
38 47
51 38
25 32
98 6
37 2
39 49
28 3
9 64
92 52
34 34
22 35
65 89
17 7
42 28
66 54
85 51
54 72
59 23
96 4
79 67
59 30
82 38
75 92
48 32
51 51
56 12
57 25
78 31
63 4
53 21
89 51
40 93
71 58
96 48
38 59
7 21
27 88
42 37
57 99
35 78
18 60
76 46
82 75
36 32
64 62
44 20
9 70
30 64
42 72
72 38
12 7
54 64
81 80
90 90
73 9
53 28
27 30
84 32
10 71
37 64
97 4
92 47
95 52
10 67
39 37
95 36
22 34
35 14
91 0
21 5
85 74
59 14
10 2
57 80
77 20
6 62
52 91
25 50
94 30
5 8
37 83
51 38
52 96
36 26
75 66
42 82
32 26
67 97
60 14
80 9
18 40
10 25
82 75
77 25
2 85
73 39
21 4
96 92
35 71
52 96
44 89
1 11
7 79
97 44
0 46
31 78
34 75
78 62
58 72
89 72
60 56
76 28
65 22
34 8
54 95
73 93
15 76
70 69
92 90
89 99
40 19
55 91
53 7
69 11
77 20
91 51
21 43
76 24
2 32
44 48
2 73
2 19
82 82
73 94
28 98
31 31
88 13
13 16
30 42
50 0
53 89
85 1
68 51
75 64
42 67
71 26
24 63
80 84
13 78
50 20
81 27
55 70
22 29
98 44
29 86
2 83
96 33
7 86
62 82
18 65
8 9
19 60
83 97
51 50
13 14
1 93
0 61
74 63
19 55
54 14
6 86
48 88
95 96
92 76
97 2
82 23
93 57
4 26
60 95
60 0
30 37
42 5
31 6
12 82
1 25
36 5
59 50
63 23
13 46
43 55
37 6
43 56
5 90
15 28
35 99
83 83
55 99
26 91
22 79
36 96
29 96
79 66
68 65
22 60
18 72
99 85
23 72
51 96
39 36
74 0
94 84
7 48
65 57
44 67
72 60
93 22
99 93
7 6
32 57
49 9
57 44
73 70
83 96
23 21
17 65
39 71
17 74
25 54
30 73
30 74
97 94
74 28
49 87
83 2
